     0/199    0.241G     0.715      1.67         0      2.39        28       128      0.28     0.802     0.783     0.415      0.47     0.818         0
     1/199    0.241G     0.435     0.741         0      1.18        21       128       0.6     0.815     0.807     0.691     0.395     0.548         0
     2/199    0.241G     0.383     0.604         0     0.987        24       128     0.782     0.827     0.821     0.804     0.384     0.463         0
     3/199    0.241G     0.359     0.504         0     0.862        20       128     0.762     0.819     0.813      0.79     0.341     0.432         0
     4/199    0.241G     0.366     0.471         0     0.837        25       128     0.823     0.823     0.819     0.823     0.322     0.386         0
     5/199    0.241G      0.35      0.44         0      0.79        22       128     0.814     0.827     0.824      0.82     0.289     0.388         0
     6/199    0.241G     0.344     0.392         0     0.736        26       128     0.867     0.831     0.829     0.849     0.333     0.342         0
     7/199    0.241G     0.301     0.395         0     0.695        24       128      0.87     0.827     0.825     0.848       0.3     0.336         0
     8/199    0.241G     0.296     0.385         0     0.681        21       128     0.895      0.84     0.838     0.866     0.306     0.328         0
     9/199    0.241G     0.288     0.369         0     0.656        23       128     0.875     0.835     0.834     0.855     0.287     0.326         0
    10/199    0.241G     0.291     0.367         0     0.658        23       128     0.891      0.84     0.838     0.864     0.321     0.313         0
    11/199    0.241G       0.3     0.338         0     0.638        25       128     0.876     0.844     0.842      0.86     0.247     0.309         0
    12/199    0.241G     0.273     0.345         0     0.618        26       128     0.935     0.835     0.835     0.883      0.28     0.304         0
    13/199    0.241G     0.267      0.34         0     0.607        23       128     0.891      0.84     0.839     0.864     0.288     0.297         0
    14/199    0.241G      0.27     0.324         0     0.594        22       128     0.896     0.848     0.847     0.871     0.271     0.308         0
    15/199    0.241G      0.28     0.336         0     0.616        26       128     0.949     0.844     0.843     0.893     0.254     0.291         0
    16/199    0.241G     0.274      0.32         0     0.594        25       128     0.944      0.84     0.839     0.889     0.265     0.297         0
    17/199    0.241G     0.256      0.31         0     0.566        23       128     0.967     0.848     0.847     0.904     0.256     0.297         0
    18/199    0.241G     0.255     0.299         0     0.554        26       128     0.945     0.852     0.851     0.896     0.244     0.278         0
    19/199    0.241G      0.27      0.31         0      0.58        25       128     0.971      0.84     0.839     0.901      0.25     0.279         0
    20/199    0.241G     0.246     0.306         0     0.552        23       128     0.949      0.84     0.839     0.891     0.271     0.283         0
    21/199    0.241G      0.25     0.301         0     0.551        25       128     0.958     0.835     0.835     0.892     0.236     0.274         0
    22/199    0.241G     0.242     0.316         0     0.559        26       128     0.954     0.848     0.847     0.898     0.255     0.269         0
    23/199    0.241G     0.245     0.292         0     0.537        23       128     0.941     0.848     0.847     0.892     0.239     0.279         0
    24/199    0.241G      0.24      0.29         0      0.53        26       128     0.972     0.844     0.843     0.903     0.257     0.281         0
    25/199    0.241G     0.267      0.31         0     0.577        24       128     0.936     0.848     0.847      0.89      0.24     0.271         0
    26/199    0.241G     0.239     0.279         0     0.518        25       128     0.967      0.84     0.839     0.899     0.243       0.3         0
    27/199    0.241G     0.234      0.28         0     0.514        21       128     0.967     0.844     0.843     0.901     0.262     0.281         0
    28/199    0.241G      0.27     0.312         0     0.582        24       128     0.936     0.844     0.843     0.887     0.247     0.281         0
    29/199    0.241G     0.263     0.303         0     0.565        28       128     0.962     0.831     0.831     0.892     0.242     0.273         0
    30/199    0.241G     0.233     0.284         0     0.516        24       128     0.967     0.835     0.835     0.896     0.237     0.257         0
    31/199    0.241G     0.232     0.297         0     0.528        24       128     0.971     0.831     0.831     0.896     0.244     0.267         0
    32/199    0.241G     0.255     0.296         0     0.552        25       128     0.981     0.844     0.843     0.907     0.234      0.27         0
    33/199    0.241G     0.229     0.265         0     0.494        23       128     0.976     0.835     0.835       0.9     0.249     0.264         0
    34/199    0.241G     0.254      0.29         0     0.544        23       128     0.981     0.848     0.847     0.909      0.23     0.289         0
    35/199    0.241G     0.225     0.285         0      0.51        25       128     0.971     0.835     0.835     0.898     0.244     0.285         0
    36/199    0.241G     0.225     0.272         0     0.497        27       128     0.971     0.835     0.835     0.898     0.248     0.254         0
    37/199    0.241G     0.248     0.295         0     0.543        21       128     0.981     0.835     0.835     0.902     0.267     0.262         0
    38/199    0.241G     0.247     0.281         0     0.528        25       128     0.971     0.835     0.835     0.898     0.245     0.259         0
    39/199    0.241G      0.22     0.261         0     0.481        23       128      0.99     0.844     0.844     0.911     0.234     0.256         0
    40/199    0.241G     0.222     0.292         0     0.514        24       128     0.995     0.844     0.844     0.913     0.234     0.274         0
    41/199    0.241G     0.222     0.284         0     0.507        22       128     0.967      0.84     0.839     0.899     0.249     0.264         0
    42/199    0.241G     0.245     0.265         0      0.51        26       128     0.981     0.848     0.848     0.909     0.233     0.253         0
    43/199    0.241G     0.218     0.253         0     0.472        28       128     0.986      0.84     0.839     0.907     0.233     0.273         0
    44/199    0.241G      0.22     0.276         0     0.497        24       128     0.995      0.84     0.839     0.911      0.22     0.253         0
    45/199    0.241G     0.243     0.279         0     0.522        21       128     0.971      0.84     0.839     0.901     0.244     0.258         0
    46/199    0.241G     0.219     0.271         0      0.49        27       128     0.976      0.84     0.839     0.903     0.224     0.257         0
    47/199    0.241G     0.217     0.263         0     0.479        25       128     0.995      0.84     0.839     0.911     0.251     0.259         0
    48/199    0.241G     0.219     0.259         0     0.477        24       128     0.986     0.848     0.848     0.912     0.234     0.259         0
    49/199    0.241G     0.237     0.275         0     0.512        24       128     0.976     0.844     0.843     0.905     0.236     0.254         0
    50/199    0.241G     0.241      0.27         0     0.511        25       128     0.995     0.844     0.844     0.913     0.238     0.259         0
    51/199    0.241G     0.239      0.28         0     0.519        22       128     0.986     0.844     0.844     0.909     0.222     0.248         0
    52/199    0.241G     0.215     0.256         0     0.471        25       128     0.986     0.848     0.848     0.912     0.231     0.272         0
    53/199    0.241G     0.234     0.241         0     0.475        24       128     0.986     0.848     0.848     0.912     0.233     0.258         0
    54/199    0.241G     0.214     0.281         0     0.494        25       128     0.986     0.844     0.844     0.909     0.222     0.263         0
    55/199    0.241G     0.211     0.248         0     0.459        26       128     0.976     0.848     0.848     0.907     0.263     0.268         0
    56/199    0.241G      0.21     0.252         0     0.462        24       128     0.995     0.852     0.852     0.918     0.229     0.251         0
    57/199    0.241G     0.209     0.258         0     0.467        25       128     0.976     0.844     0.843     0.905     0.226     0.242         0
    58/199    0.241G     0.214     0.253         0     0.467        25       128     0.986     0.844     0.844     0.909     0.227     0.247         0
    59/199    0.241G     0.211      0.25         0     0.461        23       128     0.995      0.84     0.839     0.911     0.247     0.259         0
    60/199    0.241G     0.207     0.271         0     0.478        24       128     0.976     0.844     0.844     0.905     0.225     0.245         0
    61/199    0.241G     0.204     0.268         0     0.471        26       128     0.986     0.848     0.848     0.912     0.216     0.246         0
    62/199    0.241G     0.233     0.253         0     0.485        25       128     0.986     0.848     0.848     0.912     0.219     0.279         0
    63/199    0.241G      0.23     0.249         0     0.479        26       128     0.986     0.844     0.844     0.909     0.217     0.242         0
    64/199    0.241G     0.208     0.238         0     0.446        22       128     0.986     0.848     0.848     0.912     0.224     0.233         0
    65/199    0.241G     0.212     0.234         0     0.446        27       128     0.972     0.848     0.847     0.905     0.222     0.238         0
    66/199    0.241G     0.236     0.237         0     0.472        25       128     0.967      0.84     0.839     0.899     0.217     0.229         0
    67/199    0.241G     0.243     0.239         0     0.482        25       128     0.986     0.852     0.852     0.914     0.224     0.232         0
    68/199    0.241G     0.209     0.248         0     0.458        26       128     0.976     0.848     0.848     0.907     0.238      0.25         0
    69/199    0.241G     0.232     0.265         0     0.497        25       128     0.986     0.856     0.856     0.916     0.225     0.227         0
    70/199    0.241G     0.229     0.257         0     0.486        22       128     0.986     0.852     0.852     0.914     0.224     0.225         0
    71/199    0.241G      0.23     0.258         0     0.489        24       128     0.986     0.852     0.852     0.914     0.213     0.247         0
    72/199    0.241G     0.202     0.238         0      0.44        23       128     0.995     0.852     0.852     0.918     0.226     0.257         0
    73/199    0.241G     0.237      0.26         0     0.497        24       128      0.99     0.852     0.852     0.916     0.213     0.217         0
    74/199    0.241G     0.207     0.265         0     0.472        23       128     0.995     0.852     0.852     0.918     0.233     0.259         0
    75/199    0.241G     0.235     0.268         0     0.503        24       128     0.976     0.852     0.852      0.91     0.243     0.236         0
    76/199    0.241G     0.205     0.253         0     0.458        24       128     0.986     0.852     0.852     0.914     0.214     0.233         0
    77/199    0.241G     0.203     0.242         0     0.446        25       128     0.986      0.84      0.84     0.907     0.221     0.218         0
    78/199    0.241G     0.235     0.252         0     0.486        26       128     0.976     0.844     0.843     0.905     0.234      0.23         0
    79/199    0.241G     0.201     0.259         0      0.46        23       128     0.986      0.84     0.839     0.907     0.237     0.239         0
    80/199    0.241G     0.201     0.251         0     0.452        23       128     0.986     0.852     0.852     0.914     0.234     0.232         0
    81/199    0.241G     0.231     0.253         0     0.484        24       128     0.986      0.84     0.839     0.907     0.216     0.245         0
    82/199    0.241G     0.229      0.25         0     0.479        23       128     0.986     0.844     0.844     0.909     0.224     0.254         0
    83/199    0.241G     0.224     0.257         0      0.48        26       128     0.986      0.84      0.84     0.907     0.231     0.229         0
    84/199    0.241G     0.229     0.235         0     0.464        26       128     0.986     0.844     0.844     0.909     0.233     0.238         0
    85/199    0.241G     0.201     0.239         0      0.44        24       128     0.995     0.831     0.831     0.906     0.213     0.242         0
    86/199    0.241G     0.202      0.24         0     0.441        23       128     0.986     0.852     0.852     0.914     0.216     0.239         0
    87/199    0.241G     0.202     0.233         0     0.434        25       128     0.995     0.835     0.835     0.908     0.224     0.229         0
    88/199    0.241G     0.202      0.24         0     0.442        25       128     0.995     0.835     0.835     0.908     0.217      0.22         0
    89/199    0.241G     0.199      0.25         0     0.449        27       128     0.976     0.835     0.835       0.9     0.202     0.211         0
    90/199    0.241G     0.199     0.243         0     0.442        24       128     0.985     0.831     0.831     0.902     0.212     0.222         0
    91/199    0.241G       0.2     0.246         0     0.446        25       128     0.976     0.844     0.844     0.905     0.206      0.23         0
    92/199    0.241G      0.22      0.25         0      0.47        23       128     0.986      0.84     0.839     0.907     0.219     0.224         0
    93/199    0.241G     0.216     0.242         0     0.458        26       128     0.986     0.844     0.844     0.909     0.216     0.216         0
    94/199    0.241G     0.199     0.259         0     0.458        25       128     0.986      0.84     0.839     0.907     0.222     0.222         0
    95/199    0.241G     0.196     0.237         0     0.434        26       128     0.995      0.84     0.839     0.911     0.215     0.231         0
    96/199    0.241G     0.198      0.26         0     0.458        24       128     0.986      0.84     0.839     0.907     0.216     0.226         0
    97/199    0.241G     0.227     0.257         0     0.484        26       128     0.976      0.84      0.84     0.903     0.206     0.219         0
    98/199    0.241G      0.22     0.251         0     0.471        28       128     0.976     0.831     0.831     0.898     0.222     0.215         0
    99/199    0.241G     0.227      0.23         0     0.457        26       128     0.995      0.84      0.84     0.911     0.232     0.202         0
   100/199    0.241G     0.196     0.243         0     0.439        24       128     0.986     0.844     0.844     0.909     0.208     0.222         0
   101/199    0.241G     0.222     0.255         0     0.477        26       128      0.99     0.844     0.844     0.911     0.204     0.223         0
   102/199    0.241G      0.22      0.23         0     0.449        23       128     0.986     0.844     0.844     0.909     0.213     0.242         0
   103/199    0.241G     0.194     0.257         0      0.45        22       128     0.981     0.844     0.844     0.907     0.206     0.231         0
   104/199    0.241G     0.195     0.249         0     0.444        25       128      0.99     0.844     0.844     0.911      0.21     0.222         0
   105/199    0.241G     0.216      0.23         0     0.446        26       128     0.986     0.844     0.844     0.909     0.209     0.226         0
   106/199    0.241G     0.218     0.222         0      0.44        25       128     0.981     0.852     0.852     0.912     0.228     0.221         0
   107/199    0.241G     0.216     0.234         0     0.449        25       128     0.981     0.835     0.835     0.902      0.22     0.227         0
   108/199    0.241G     0.195     0.217         0     0.412        25       128     0.967     0.844     0.844     0.901      0.22     0.224         0
   109/199    0.241G     0.193     0.255         0     0.449        23       128     0.995     0.844     0.844     0.913     0.236     0.233         0
   110/199    0.241G     0.217     0.238         0     0.455        24       128     0.995     0.844     0.844     0.913     0.208     0.214         0
   111/199    0.241G     0.216     0.237         0     0.453        23       128     0.986     0.852     0.852     0.914     0.207     0.236         0
   112/199    0.241G     0.217     0.241         0     0.458        27       128     0.995     0.835     0.835     0.908     0.207     0.252         0
   113/199    0.241G     0.193      0.22         0     0.413        27       128     0.986      0.84      0.84     0.907     0.211     0.238         0
   114/199    0.241G     0.196     0.228         0     0.424        27       128     0.986      0.84      0.84     0.907     0.205     0.239         0
   115/199    0.241G     0.194     0.233         0     0.426        24       128         1     0.844     0.844     0.915     0.222     0.228         0
   116/199    0.241G     0.193     0.234         0     0.427        26       128         1      0.84      0.84     0.913     0.216     0.235         0
   117/199    0.241G     0.192      0.23         0     0.422        25       128      0.99     0.835     0.835     0.906     0.221     0.236         0
   118/199    0.241G     0.194     0.216         0      0.41        24       128         1     0.844     0.844     0.915     0.204     0.227         0
   119/199    0.241G     0.191      0.25         0      0.44        25       128     0.995     0.844     0.844     0.913     0.202     0.224         0
   120/199    0.241G     0.193     0.234         0     0.427        22       128     0.995     0.844     0.844     0.913     0.229      0.23         0
   121/199    0.241G     0.192     0.232         0     0.423        24       128     0.995     0.844     0.844     0.913     0.235     0.256         0
   122/199    0.241G     0.191     0.205         0     0.396        22       128     0.995     0.844     0.844     0.913     0.205      0.23         0
   123/199    0.241G     0.212     0.258         0      0.47        24       128     0.995      0.84      0.84     0.911     0.205     0.227         0
   124/199    0.241G     0.212     0.237         0     0.448        23       128     0.986     0.844     0.844     0.909     0.206     0.222         0
   125/199    0.241G     0.192     0.219         0      0.41        25       128     0.995      0.84     0.839     0.911     0.206     0.217         0
   126/199    0.241G     0.218     0.255         0     0.473        25       128     0.995      0.84     0.839     0.911     0.216     0.212         0
   127/199    0.241G     0.217      0.26         0     0.477        26       128     0.986     0.844     0.844     0.909      0.22     0.216         0
   128/199    0.241G     0.217     0.225         0     0.441        24       128     0.986     0.844     0.844     0.909     0.216     0.218         0
   129/199    0.241G     0.216     0.247         0     0.463        25       128     0.995     0.844     0.844     0.913     0.219      0.22         0
   130/199    0.241G     0.185      0.23         0     0.415        28       128         1     0.844     0.844     0.915     0.228     0.219         0
   131/199    0.241G     0.191     0.236         0     0.427        24       128         1      0.84      0.84     0.913     0.209     0.221         0
   132/199    0.241G     0.192     0.234         0     0.425        24       128     0.995      0.84     0.839     0.911     0.221     0.233         0
   133/199    0.241G     0.189     0.219         0     0.408        24       128     0.995     0.844     0.844     0.913     0.207     0.212         0
   134/199    0.241G     0.189     0.227         0     0.416        25       128     0.995     0.835     0.835     0.908     0.208     0.217         0
   135/199    0.241G      0.19     0.234         0     0.424        27       128     0.995     0.844     0.844     0.913     0.205      0.22         0
   136/199    0.241G     0.208     0.232         0      0.44        24       128     0.985     0.835     0.835     0.904     0.215     0.221         0
   137/199    0.241G     0.188     0.229         0     0.417        22       128     0.981     0.835     0.835     0.902     0.208     0.227         0
   138/199    0.241G     0.189     0.233         0     0.422        25       128     0.981     0.831     0.831       0.9     0.224     0.219         0
   139/199    0.241G     0.189     0.212         0     0.401        26       128      0.99     0.831     0.831     0.904     0.213     0.238         0
   140/199    0.241G     0.213     0.231         0     0.444        25       128     0.976     0.848     0.848     0.907      0.21     0.211         0
   141/199    0.241G     0.188     0.221         0     0.409        24       128     0.995      0.84      0.84     0.911     0.207     0.192         0
   142/199    0.241G     0.187     0.224         0     0.411        24       128         1     0.844     0.844     0.915     0.213     0.217         0
   143/199    0.241G     0.188     0.235         0     0.423        28       128         1      0.84      0.84     0.913      0.21     0.217         0
   144/199    0.241G     0.207     0.234         0     0.441        28       128         1     0.844     0.844     0.915     0.204     0.218         0
   145/199    0.241G     0.186     0.239         0     0.425        25       128         1      0.84      0.84     0.913     0.211     0.222         0
   146/199    0.241G     0.208     0.224         0     0.432        23       128     0.985     0.831     0.831     0.902     0.202      0.24         0
   147/199    0.241G     0.188     0.234         0     0.422        28       128     0.995      0.84     0.839     0.911     0.207     0.234         0
   148/199    0.241G     0.212     0.233         0     0.445        24       128     0.986      0.84     0.839     0.907     0.203      0.25         0
   149/199    0.241G     0.187     0.225         0     0.412        25       128     0.967     0.835     0.835     0.896     0.222     0.221         0
   150/199    0.241G     0.187     0.231         0     0.418        25       128     0.967      0.84     0.839     0.899     0.215     0.228         0
   151/199    0.241G     0.188     0.238         0     0.426        24       128      0.99     0.835     0.835     0.906     0.203     0.237         0
   152/199    0.241G     0.184      0.23         0     0.413        23       128     0.985     0.835     0.835     0.904     0.204     0.239         0
   153/199    0.241G     0.187     0.229         0     0.416        22       128     0.995     0.844     0.844     0.913     0.213      0.24         0
   154/199    0.241G     0.185     0.223         0     0.408        23       128         1     0.835     0.835      0.91      0.21      0.22         0
   155/199    0.241G     0.186     0.223         0     0.409        25       128     0.985     0.835     0.835     0.904     0.214      0.25         0
   156/199    0.241G     0.185     0.224         0      0.41        25       128     0.985     0.835     0.835     0.904     0.218     0.215         0
   157/199    0.241G     0.185      0.24         0     0.426        26       128     0.985     0.835     0.835     0.904     0.218      0.22         0
   158/199    0.241G     0.184     0.248         0     0.431        25       128     0.985     0.835     0.835     0.904     0.229      0.22         0
   159/199    0.241G     0.184     0.215         0     0.399        23       128      0.99     0.835     0.835     0.906     0.213     0.224         0
   160/199    0.241G      0.21     0.207         0     0.418        23       128     0.985     0.835     0.835     0.904     0.218      0.24         0
   161/199    0.241G     0.178       0.2         0     0.378        24       128     0.985     0.835     0.835     0.904     0.198     0.212         0
   162/199    0.241G     0.173     0.208         0     0.381        25       128     0.985     0.835     0.835     0.904     0.205     0.215         0
   163/199    0.241G     0.176     0.211         0     0.387        29       128     0.985     0.835     0.835     0.904     0.205     0.219         0
   164/199    0.241G     0.195     0.233         0     0.428        27       128     0.985     0.835     0.835     0.904     0.198     0.213         0
   165/199    0.241G     0.173     0.206         0     0.379        25       128     0.985     0.835     0.835     0.904     0.209     0.215         0
   166/199    0.241G     0.171     0.229         0     0.401        23       128     0.985     0.835     0.835     0.904     0.207     0.212         0
   167/199    0.241G     0.175     0.229         0     0.404        24       128     0.985     0.835     0.835     0.904     0.204     0.215         0
   168/199    0.241G       0.2     0.215         0     0.416        26       128     0.985     0.835     0.835     0.904     0.212     0.216         0
   169/199    0.241G     0.192     0.215         0     0.407        25       128     0.985     0.835     0.835     0.904     0.208     0.213         0
   170/199    0.241G      0.17     0.216         0     0.387        26       128     0.985     0.835     0.835     0.904     0.211     0.213         0
   171/199    0.241G     0.171     0.223         0     0.394        25       128     0.985     0.835     0.835     0.904     0.205     0.212         0
   172/199    0.241G     0.174     0.201         0     0.374        26       128      0.99     0.835     0.835     0.906     0.206     0.208         0
   173/199    0.241G     0.192     0.213         0     0.405        23       128     0.985     0.835     0.835     0.904     0.201      0.21         0
   174/199    0.241G     0.194     0.224         0     0.418        24       128     0.985     0.835     0.835     0.904     0.209     0.215         0
   175/199    0.241G     0.171     0.205         0     0.376        27       128     0.985     0.835     0.835     0.904     0.203     0.214         0
   176/199    0.241G     0.172     0.215         0     0.387        27       128     0.985     0.835     0.835     0.904     0.211     0.215         0
   177/199    0.241G     0.172     0.214         0     0.386        24       128     0.995     0.835     0.835     0.908     0.207     0.213         0
   178/199    0.241G     0.191     0.205         0     0.397        24       128     0.995     0.835     0.835     0.908     0.204      0.21         0
   179/199    0.241G      0.17     0.204         0     0.374        25       128     0.985     0.835     0.835     0.904     0.203     0.217         0
   180/199    0.241G     0.193     0.228         0     0.421        25       128     0.985     0.835     0.835     0.904     0.209     0.217         0
   181/199    0.241G     0.192     0.222         0     0.415        25       128     0.985     0.835     0.835     0.904     0.203     0.216         0
   182/199    0.241G      0.19     0.201         0     0.391        24       128     0.985     0.835     0.835     0.904     0.204     0.215         0
   183/199    0.241G     0.169     0.208         0     0.377        25       128     0.985     0.835     0.835     0.904     0.202     0.215         0
   184/199    0.241G     0.167     0.217         0     0.384        23       128     0.985     0.835     0.835     0.904     0.202     0.213         0
   185/199    0.241G     0.168     0.214         0     0.382        25       128     0.985     0.835     0.835     0.904     0.205     0.212         0
   186/199    0.241G     0.193     0.214         0     0.407        28       128      0.99     0.835     0.835     0.906     0.203     0.212         0
   187/199    0.241G     0.169     0.225         0     0.394        23       128     0.985     0.835     0.835     0.904     0.202     0.213         0
   188/199    0.241G     0.192     0.197         0     0.389        24       128     0.985     0.835     0.835     0.904     0.204     0.212         0
   189/199    0.241G     0.195       0.2         0     0.395        22       128     0.985     0.835     0.835     0.904       0.2     0.211         0
   190/199    0.241G      0.19     0.204         0     0.394        27       128     0.985     0.835     0.835     0.904     0.205     0.212         0
   191/199    0.241G     0.191       0.2         0     0.391        23       128     0.985     0.835     0.835     0.904     0.204     0.212         0
   192/199    0.241G     0.171     0.232         0     0.403        24       128     0.985     0.835     0.835     0.904     0.201     0.211         0
   193/199    0.241G     0.168     0.206         0     0.375        24       128     0.985     0.835     0.835     0.904     0.202     0.211         0
   194/199    0.241G     0.168     0.228         0     0.396        25       128      0.99     0.835     0.835     0.906     0.205     0.214         0
   195/199    0.241G     0.168     0.215         0     0.382        24       128     0.985     0.835     0.835     0.904     0.202      0.21         0
   196/199    0.241G      0.19     0.217         0     0.406        24       128     0.985     0.835     0.835     0.904     0.203     0.212         0
   197/199    0.241G     0.167     0.215         0     0.383        22       128      0.99     0.835     0.835     0.906     0.204     0.212         0
   198/199    0.241G     0.193     0.238         0     0.431        24       128     0.985     0.835     0.835     0.904     0.203     0.213         0
   199/199    0.241G     0.188     0.216         0     0.404        24       128      0.53     0.864     0.858     0.657     0.206     0.212         0
   200/299    0.247G     0.198     0.223         0      0.42        28       128      0.99     0.835     0.835     0.906     0.208     0.221         0
   201/299    0.247G     0.181      0.23         0     0.411        21       128      0.99     0.835     0.835     0.906     0.211     0.227         0
   202/299    0.247G      0.18     0.231         0     0.411        24       128     0.986     0.844     0.843     0.909     0.216      0.22         0
   203/299    0.247G     0.181     0.216         0     0.397        20       128     0.995     0.852     0.852     0.918     0.212     0.233         0
   204/299    0.247G     0.206     0.224         0      0.43        25       128     0.995     0.852     0.852     0.918     0.214     0.238         0
   205/299    0.247G     0.205     0.223         0     0.428        22       128     0.995     0.844     0.844     0.913     0.213     0.246         0
   206/299    0.247G     0.206     0.202         0     0.407        26       128     0.995     0.844     0.844     0.913     0.217     0.214         0
   207/299    0.247G     0.183     0.233         0     0.416        24       128     0.995     0.844     0.844     0.913      0.22     0.228         0
   208/299    0.247G     0.182     0.231         0     0.413        21       128     0.985     0.835     0.835     0.904     0.221     0.229         0
   209/299    0.247G      0.18     0.222         0     0.402        23       128         1     0.835     0.835      0.91     0.205      0.23         0
   210/299    0.247G     0.207     0.231         0     0.438        23       128         1     0.835     0.835      0.91     0.216     0.221         0
   211/299    0.247G     0.203     0.204         0     0.407        25       128      0.99     0.835     0.835     0.906      0.21     0.226         0
   212/299    0.247G     0.186     0.214         0       0.4        26       128         1      0.84      0.84     0.913     0.208     0.216         0
   213/299    0.247G     0.184     0.224         0     0.408        23       128         1     0.844     0.844     0.915     0.219     0.217         0
   214/299    0.247G     0.186      0.22         0     0.406        22       128     0.995     0.844     0.844     0.913     0.211     0.223         0
   215/299    0.247G     0.203     0.211         0     0.414        26       128         1     0.844     0.844     0.915     0.203      0.22         0
   216/299    0.247G     0.204     0.222         0     0.426        25       128         1     0.844     0.844     0.915     0.207     0.245         0
   217/299    0.247G     0.182      0.22         0     0.401        23       128      0.99     0.831     0.831     0.904     0.201     0.235         0
   218/299    0.247G     0.183     0.218         0       0.4        26       128         1     0.835     0.835      0.91     0.201     0.214         0
   219/299    0.247G     0.207     0.221         0     0.428        25       128         1     0.844     0.844     0.915     0.214     0.205         0
   220/299    0.247G     0.184     0.212         0     0.397        23       128         1     0.844     0.844     0.915     0.215     0.216         0
   221/299    0.247G     0.181     0.206         0     0.387        25       128      0.99     0.844     0.844     0.911       0.2       0.2         0
   222/299    0.247G     0.184     0.222         0     0.406        26       128         1     0.844     0.844     0.915     0.219     0.208         0
   223/299    0.247G     0.183     0.208         0     0.391        23       128      0.99     0.835     0.835     0.906     0.196     0.218         0
   224/299    0.247G     0.179     0.216         0     0.396        26       128      0.99     0.844     0.843     0.911       0.2     0.216         0
   225/299    0.247G     0.204     0.227         0     0.432        24       128     0.981     0.835     0.835     0.902     0.203     0.214         0
   226/299    0.247G     0.182     0.209         0     0.391        25       128      0.99     0.835     0.835     0.906     0.207      0.24         0
   227/299    0.247G     0.181     0.213         0     0.394        21       128     0.995     0.852     0.852     0.918     0.215     0.222         0
   228/299    0.247G     0.209     0.238         0     0.446        24       128     0.986     0.844     0.844     0.909     0.206     0.236         0
   229/299    0.247G       0.2     0.232         0     0.432        28       128      0.99     0.831     0.831     0.904      0.21     0.223         0
   230/299    0.247G     0.181     0.215         0     0.396        24       128      0.99     0.844     0.844     0.911     0.197     0.214         0
   231/299    0.247G     0.181     0.234         0     0.415        24       128      0.99      0.84     0.839     0.909     0.194     0.222         0
   232/299    0.247G     0.198     0.235         0     0.433        25       128      0.99     0.844     0.844     0.911     0.197     0.223         0
   233/299    0.247G     0.181     0.209         0     0.391        23       128      0.99     0.835     0.835     0.906     0.207     0.216         0
   234/299    0.247G     0.219     0.229         0     0.448        23       128      0.99     0.835     0.835     0.906     0.201     0.243         0
   235/299    0.247G      0.18      0.23         0     0.409        25       128      0.99     0.831     0.831     0.904     0.223     0.247         0
   236/299    0.247G      0.18     0.219         0     0.399        27       128      0.99     0.835     0.835     0.906     0.211     0.219         0
   237/299    0.247G     0.201      0.23         0     0.431        21       128         1     0.835     0.835      0.91     0.206     0.223         0
   238/299    0.247G     0.211     0.227         0     0.438        25       128      0.99     0.835     0.835     0.906     0.216     0.227         0
   239/299    0.247G     0.178      0.21         0     0.388        23       128         1     0.831     0.831     0.908     0.199     0.219         0
   240/299    0.247G     0.178     0.239         0     0.417        24       128         1     0.835     0.835      0.91     0.206     0.246         0
   241/299    0.247G     0.175     0.229         0     0.404        22       128         1     0.835     0.835      0.91     0.205     0.236         0
   242/299    0.247G     0.192     0.211         0     0.403        26       128      0.99     0.835     0.835     0.906     0.199     0.231         0
   243/299    0.247G     0.165     0.209         0     0.374        28       128      0.99     0.835     0.835     0.906     0.202     0.225         0
   244/299    0.247G     0.168     0.217         0     0.385        24       128      0.99     0.835     0.835     0.906     0.195     0.225         0
   245/299    0.247G     0.205      0.22         0     0.424        21       128      0.99     0.835     0.835     0.906     0.194     0.226         0
   246/299    0.247G     0.166     0.211         0     0.377        27       128         1     0.835     0.835      0.91     0.201     0.229         0
   247/299    0.247G     0.168      0.21         0     0.377        25       128      0.99     0.835     0.835     0.906     0.197     0.217         0
   248/299    0.247G     0.165     0.212         0     0.377        24       128      0.99     0.835     0.835     0.906     0.195     0.221         0
   249/299    0.247G     0.186     0.216         0     0.403        24       128      0.99     0.835     0.835     0.906     0.196     0.224         0
   250/299    0.247G     0.188     0.223         0     0.411        25       128      0.99     0.835     0.835     0.906     0.194     0.226         0
   251/299    0.247G     0.188     0.223         0     0.411        22       128      0.99     0.835     0.835     0.906       0.2     0.223         0
   252/299    0.247G     0.164     0.206         0      0.37        25       128     0.981     0.835     0.835     0.902     0.199     0.218         0
   253/299    0.247G     0.196     0.192         0     0.388        24       128      0.99     0.835     0.835     0.906     0.193     0.223         0
   254/299    0.247G     0.165     0.229         0     0.394        25       128      0.99     0.835     0.835     0.906     0.197      0.22         0
   255/299    0.247G     0.165     0.194         0     0.359        26       128      0.99     0.835     0.835     0.906     0.197     0.225         0
   256/299    0.247G     0.165     0.206         0     0.371        24       128      0.99     0.835     0.835     0.906       0.2      0.22         0
   257/299    0.247G     0.164     0.208         0     0.371        25       128      0.99     0.835     0.835     0.906       0.2     0.221         0
   258/299    0.247G     0.166     0.201         0     0.366        25       128      0.99     0.835     0.835     0.906     0.199     0.216         0
   259/299    0.247G     0.164     0.201         0     0.366        23       128      0.99     0.835     0.835     0.906       0.2     0.224         0
   260/299    0.247G     0.163     0.222         0     0.385        24       128      0.99     0.835     0.835     0.906     0.201      0.22         0
   261/299    0.247G     0.161     0.216         0     0.378        26       128      0.99     0.835     0.835     0.906     0.204     0.219         0
   262/299    0.247G     0.187     0.201         0     0.388        25       128      0.99     0.835     0.835     0.906     0.191      0.22         0
   263/299    0.247G     0.185     0.201         0     0.386        26       128         1     0.835     0.835      0.91     0.193     0.226         0
   264/299    0.247G     0.163     0.189         0     0.352        22       128      0.99     0.835     0.835     0.906     0.192     0.216         0
   265/299    0.247G     0.168     0.186         0     0.354        27       128      0.99     0.835     0.835     0.906     0.194     0.215         0
   266/299    0.247G     0.187     0.182         0      0.37        25       128      0.99     0.835     0.835     0.906     0.201     0.218         0
   267/299    0.247G     0.186     0.185         0     0.371        25       128      0.99     0.831     0.831     0.904     0.195     0.218         0
   268/299    0.247G     0.164     0.204         0     0.369        26       128      0.99     0.835     0.835     0.906     0.199     0.222         0
   269/299    0.247G     0.186      0.22         0     0.405        25       128     0.981     0.835     0.835     0.902     0.196     0.222         0
   270/299    0.247G     0.185      0.21         0     0.395        22       128     0.981     0.835     0.835     0.902     0.197     0.215         0
   271/299    0.247G     0.183     0.212         0     0.395        24       128      0.99     0.835     0.835     0.906     0.192     0.217         0
   272/299    0.247G     0.162      0.19         0     0.351        23       128      0.99     0.835     0.835     0.906     0.197     0.218         0
   273/299    0.247G     0.185     0.212         0     0.397        24       128      0.99     0.835     0.835     0.906     0.195     0.218         0
   274/299    0.247G     0.163     0.216         0     0.379        23       128      0.99     0.835     0.835     0.906     0.194     0.218         0
   275/299    0.247G     0.184     0.216         0       0.4        24       128      0.99     0.835     0.835     0.906     0.196     0.218         0
   276/299    0.247G     0.164     0.204         0     0.368        24       128      0.99     0.835     0.835     0.906     0.196     0.218         0
   277/299    0.247G     0.162       0.2         0     0.362        25       128     0.981     0.835     0.835     0.902     0.195     0.217         0
   278/299    0.247G     0.185     0.208         0     0.393        26       128         1     0.835     0.835      0.91     0.196     0.222         0
   279/299    0.247G      0.16     0.209         0     0.369        23       128      0.99     0.835     0.835     0.906     0.196      0.22         0
   280/299    0.247G     0.163     0.213         0     0.375        23       128      0.99     0.835     0.835     0.906     0.198     0.214         0
   281/299    0.247G     0.183     0.208         0     0.391        24       128      0.99     0.831     0.831     0.904     0.193     0.218         0
   282/299    0.247G     0.183       0.2         0     0.384        23       128      0.99     0.835     0.835     0.906     0.195     0.218         0
   283/299    0.247G     0.184     0.207         0     0.392        26       128      0.99     0.835     0.835     0.906     0.196     0.219         0
   284/299    0.247G     0.182     0.193         0     0.376        26       128      0.99     0.835     0.835     0.906     0.197     0.219         0
   285/299    0.247G      0.16     0.199         0     0.359        24       128      0.99     0.835     0.835     0.906     0.194     0.221         0
   286/299    0.247G      0.16       0.2         0     0.361        23       128      0.99     0.835     0.835     0.906     0.197      0.22         0
   287/299    0.247G     0.161     0.187         0     0.349        25       128      0.99     0.835     0.835     0.906     0.198     0.218         0
   288/299    0.247G     0.161     0.193         0     0.354        25       128      0.99     0.835     0.835     0.906     0.194     0.218         0
   289/299    0.247G     0.161     0.201         0     0.362        27       128      0.99     0.835     0.835     0.906     0.194     0.218         0
   290/299    0.247G     0.161     0.199         0     0.359        24       128      0.99     0.835     0.835     0.906     0.194     0.214         0
   291/299    0.247G     0.162       0.2         0     0.362        25       128      0.99     0.835     0.835     0.906     0.194     0.217         0
   292/299    0.247G     0.183     0.202         0     0.385        23       128      0.99     0.835     0.835     0.906     0.191     0.215         0
   293/299    0.247G     0.181       0.2         0     0.382        26       128      0.99     0.835     0.835     0.906     0.196     0.217         0
   294/299    0.247G     0.161     0.218         0     0.379        25       128      0.99     0.835     0.835     0.906     0.196     0.215         0
   295/299    0.247G      0.16     0.198         0     0.358        26       128         1     0.835     0.835      0.91     0.194     0.219         0
   296/299    0.247G     0.162     0.214         0     0.376        24       128      0.99     0.835     0.835     0.906     0.194     0.218         0
   297/299    0.247G     0.183     0.214         0     0.397        26       128      0.99     0.835     0.835     0.906     0.192     0.216         0
   298/299    0.247G     0.185     0.206         0     0.391        28       128      0.99     0.835     0.835     0.906     0.193     0.218         0
   299/299    0.247G     0.183     0.189         0     0.371        26       128     0.595     0.848     0.847     0.699     0.195     0.216         0
